iter,facex,facey,t2
1,8.250000e+01,2.850000e+01,NaN
2,8.651529e+01,3.008479e+01,21.964964
3,8.341765e+01,4.752312e+01,4.169584
4,8.441699e+01,4.778220e+01,0.313083
5,8.439098e+01,4.740538e+01,0.146589
6,8.414271e+01,4.731106e+01,0.445154
7,8.490500e+01,4.793482e+01,0.234034
8,8.463860e+01,4.674251e+01,0.099965
9,8.470682e+01,4.592719e+01,0.060797
10,8.466518e+01,4.555892e+01,0.079867
11,8.557433e+01,4.501952e+01,0.078398
12,8.604951e+01,4.453293e+01,0.065060
13,8.606495e+01,4.464328e+01,0.101280
14,8.618429e+01,4.477996e+01,0.057787
15,8.664012e+01,4.564429e+01,0.102265
16,8.685849e+01,4.639877e+01,0.066614
17,8.679678e+01,4.696529e+01,0.101409
18,8.659272e+01,4.764254e+01,0.069658
19,8.640413e+01,4.812904e+01,0.060280
20,8.616402e+01,4.952103e+01,0.124977
21,8.611948e+01,4.987976e+01,0.167027
22,8.615068e+01,5.063457e+01,0.084974
23,8.614163e+01,5.089013e+01,0.064732
24,8.607970e+01,5.200850e+01,0.060612
25,8.606394e+01,5.280546e+01,0.086557
26,8.609280e+01,5.294510e+01,0.065711
27,8.641069e+01,5.176086e+01,0.115233
28,8.642920e+01,5.123901e+01,0.099549
29,8.513983e+01,5.088945e+01,0.140920
30,8.044851e+01,5.003311e+01,0.176897
31,7.693319e+01,4.954029e+01,0.101642
32,7.419243e+01,4.909463e+01,0.091935
33,7.128925e+01,4.842906e+01,0.077719
34,7.055585e+01,4.819468e+01,0.082011
35,6.576537e+01,4.733583e+01,0.080105
36,6.316601e+01,4.708350e+01,0.072841
37,6.226640e+01,4.688977e+01,0.066129
38,5.782752e+01,4.662632e+01,0.058279
39,5.525598e+01,4.638609e+01,0.072566
40,5.273199e+01,4.627057e+01,0.057119
41,5.191493e+01,4.634099e+01,0.085609
42,4.741032e+01,4.700459e+01,0.053104
43,4.337455e+01,4.773007e+01,0.130359
44,4.127512e+01,4.793385e+01,0.081486
45,3.835651e+01,4.859411e+01,0.086996
46,3.489955e+01,4.954773e+01,0.062217
47,3.245647e+01,4.995294e+01,0.105406
48,3.158122e+01,5.007530e+01,0.087448
49,3.214855e+01,5.012051e+01,0.090919
50,3.360029e+01,5.006419e+01,0.080397
51,3.581582e+01,4.992360e+01,0.052899
52,3.869294e+01,4.977708e+01,0.067515
53,4.528006e+01,4.944349e+01,0.156272
54,4.954981e+01,4.951759e+01,0.106709
55,5.474078e+01,4.954795e+01,0.075654
56,5.898359e+01,4.961979e+01,0.104823
57,6.348493e+01,4.972857e+01,0.072527
58,6.689362e+01,4.984709e+01,0.073868
59,7.022179e+01,4.997229e+01,0.061731
60,7.128489e+01,5.001731e+01,0.060247
61,7.534100e+01,5.010583e+01,0.054302
62,7.892527e+01,5.030448e+01,0.085855
63,8.349670e+01,5.047701e+01,0.100980
64,8.622289e+01,5.060011e+01,0.060182
65,8.897441e+01,5.065348e+01,0.062728
66,9.257343e+01,5.065315e+01,0.089821
67,9.519801e+01,5.058349e+01,0.059928
68,9.747536e+01,5.060721e+01,0.065325
69,9.934438e+01,5.062732e+01,0.062306
70,9.998109e+01,5.058887e+01,0.056120
71,1.024089e+02,5.069179e+01,0.067368
72,1.030357e+02,5.076704e+01,0.078690
73,1.063207e+02,5.097251e+01,0.068221
74,1.090146e+02,5.121667e+01,0.087129
75,1.117671e+02,5.135973e+01,0.076650
76,1.147977e+02,5.218331e+01,0.121987
77,1.171661e+02,5.245990e+01,0.074622
78,1.206091e+02,5.288700e+01,0.068957
79,1.229162e+02,5.325001e+01,0.067072
80,1.235874e+02,5.339536e+01,0.062510
81,1.267392e+02,5.399426e+01,0.078160
82,1.289471e+02,5.450171e+01,0.080575
83,1.293561e+02,5.462286e+01,0.080766
84,1.313920e+02,5.510140e+01,0.072177
85,1.322160e+02,5.535631e+01,0.068174
86,1.325122e+02,5.546029e+01,0.067645
87,1.333812e+02,5.572406e+01,0.080701
88,1.347440e+02,5.606796e+01,0.063138
89,1.349046e+02,5.609946e+01,0.073951
90,1.352035e+02,5.618304e+01,0.064510
91,1.349249e+02,5.631008e+01,0.053746
92,1.338272e+02,5.613499e+01,0.059204
93,1.311023e+02,5.556662e+01,0.070664
94,1.240788e+02,5.486882e+01,0.100685
95,1.178733e+02,5.404005e+01,0.097441
96,1.142845e+02,5.262717e+01,0.074317
97,1.111737e+02,5.138301e+01,0.105290
98,1.084468e+02,5.049689e+01,0.070555
99,1.065473e+02,5.011515e+01,0.095838
100,1.008549e+02,5.023814e+01,0.071456
101,1.008549e+02,5.023814e+01,0.082048
102,89,46,0.073681
103,8.873018e+01,3.944234e+01,0.403698
104,8.907613e+01,3.623035e+01,0.146547
105,8.937395e+01,3.509811e+01,0.096305
106,8.963139e+01,3.461171e+01,0.088223
107,8.973505e+01,3.440815e+01,0.064107
108,8.979048e+01,3.423487e+01,0.080990
109,8.980679e+01,3.417807e+01,0.065618
110,8.988605e+01,3.334969e+01,0.078645
111,8.990062e+01,3.310588e+01,0.058665
112,8.994443e+01,3.210192e+01,0.068886
113,8.992043e+01,3.152351e+01,0.082423
114,8.991251e+01,3.139868e+01,0.083417
115,8.992715e+01,3.058907e+01,0.070813
116,8.994205e+01,3.043009e+01,0.071302
117,9.001881e+01,2.995135e+01,0.099170
118,9.018481e+01,2.946370e+01,0.066047
119,9.036182e+01,2.898994e+01,0.066123
120,9.058630e+01,2.841458e+01,0.067426
121,9.101233e+01,2.724686e+01,0.072018
122,9.104502e+01,2.672591e+01,0.066511
123,9.094185e+01,2.618511e+01,0.071191
124,9.078447e+01,2.543699e+01,0.111052
125,9.060384e+01,2.475946e+01,0.153512
126,9.059898e+01,2.483699e+01,0.074162
127,9.066969e+01,2.615616e+01,0.113813
128,9.068427e+01,3.012022e+01,0.117788
129,9.052870e+01,3.348017e+01,0.101221
130,9.046616e+01,3.434286e+01,0.107677
131,8.964272e+01,4.026820e+01,0.073748
132,8.919787e+01,4.230251e+01,0.071917
133,8.864806e+01,4.465747e+01,0.084884
134,8.823716e+01,4.648163e+01,0.080560
135,8.762280e+01,4.839610e+01,0.075190
136,8.712953e+01,5.016206e+01,0.066009
137,8.670182e+01,5.199390e+01,0.073522
138,8.612938e+01,5.297731e+01,0.083572
139,8.576599e+01,5.324802e+01,0.076209
140,8.571153e+01,5.335904e+01,0.077187
141,8.563474e+01,5.379723e+01,0.064556
142,8.551485e+01,5.527362e+01,0.076413
143,8.558233e+01,5.577648e+01,0.072242
144,8.559737e+01,5.603785e+01,0.090091
145,8.552904e+01,5.833344e+01,0.079571
146,8.532487e+01,6.035710e+01,0.095178
147,8.486357e+01,6.256637e+01,0.091872
148,8.399622e+01,6.581627e+01,0.078723
149,8.348523e+01,6.756834e+01,0.065549
150,8.305675e+01,7.115869e+01,0.108511
151,8.298306e+01,7.166817e+01,0.074090
152,8.303683e+01,7.444444e+01,0.063673
153,8.337774e+01,7.555111e+01,0.067638
154,8.366370e+01,7.676278e+01,0.068382
155,8.373285e+01,7.785951e+01,0.065939
156,8.368056e+01,7.860973e+01,0.067837
157,8.354590e+01,7.899660e+01,0.065563
158,8.345535e+01,7.929453e+01,0.058484
159,8.340999e+01,7.947836e+01,0.069821
160,8.339062e+01,7.948648e+01,0.068612
161,8.329391e+01,7.955501e+01,0.068064
162,8.313483e+01,7.929123e+01,0.063743
163,8.314149e+01,7.875095e+01,0.070569
164,8.318542e+01,7.854471e+01,0.071391
165,8.348267e+01,7.716078e+01,0.065057
166,8.369408e+01,7.619884e+01,0.094024
167,8.387711e+01,7.471151e+01,0.066505
168,8.385637e+01,7.333974e+01,0.064562
169,8.387890e+01,7.160623e+01,0.100229
170,8.404768e+01,6.864488e+01,0.112760
171,8.436291e+01,6.574438e+01,0.132161
172,8.474850e+01,6.284010e+01,0.160958
173,8.499980e+01,6.084534e+01,0.082834
174,8.510098e+01,5.935570e+01,0.065009
175,8.545151e+01,5.893398e+01,0.163037
176,8.803669e+01,5.839001e+01,0.067499
177,8.918867e+01,5.841796e+01,0.064950
178,9.382368e+01,5.844237e+01,0.065325
179,9.874292e+01,5.832565e+01,0.063732
180,1.075632e+02,5.818512e+01,0.076280
181,1.112717e+02,5.825866e+01,0.076409
182,1.151325e+02,5.856361e+01,0.070236
183,1.188293e+02,5.902338e+01,0.069827
184,1.223351e+02,5.948553e+01,0.064346
185,1.254456e+02,6.024094e+01,0.066996
186,1.262642e+02,6.045176e+01,0.069107
187,1.281809e+02,6.115888e+01,0.064404
188,1.297542e+02,6.193700e+01,0.104206
189,1.274392e+02,6.171788e+01,0.132486
190,1.232410e+02,6.073560e+01,0.071283
191,1.191468e+02,6.002702e+01,0.066683
192,1.137042e+02,5.938602e+01,0.086952
193,1.110089e+02,5.908121e+01,0.082339
194,1.030242e+02,5.794035e+01,0.081175
195,9.941055e+01,5.762043e+01,0.053433
196,9.825215e+01,5.751131e+01,0.057209
197,9.237677e+01,5.692500e+01,0.070862
198,8.753873e+01,5.629460e+01,0.089887
199,8.372122e+01,5.588155e+01,0.060892
200,8.002443e+01,5.556160e+01,0.074970
201,7.648687e+01,5.526765e+01,0.051035
202,7.288228e+01,5.491965e+01,0.076300
203,6.897576e+01,5.474824e+01,0.062383
204,6.411809e+01,5.471116e+01,0.099467
205,6.029954e+01,5.477935e+01,0.081759
206,5.670945e+01,5.521832e+01,0.080315
207,5.374270e+01,5.589768e+01,0.066947
208,5.037545e+01,5.677804e+01,0.068025
209,4.693661e+01,5.796655e+01,0.071761
210,4.283783e+01,5.889143e+01,0.119874
211,3.951845e+01,5.964251e+01,0.065368
212,3.808204e+01,5.954559e+01,0.073375
213,3.721525e+01,5.963802e+01,0.077348
214,3.717828e+01,5.974645e+01,0.064097
215,3.735043e+01,5.978801e+01,0.076059
216,4.041257e+01,5.939735e+01,0.067374
217,4.397805e+01,5.867052e+01,0.071005
218,5.027843e+01,5.762418e+01,0.073972
219,5.198478e+01,5.744117e+01,0.062164
220,6.080244e+01,5.676720e+01,0.075827
221,6.261803e+01,5.663174e+01,0.077166
222,7.090280e+01,5.694984e+01,0.063489
223,7.462425e+01,5.765521e+01,0.062103
224,7.568101e+01,5.782790e+01,0.071350
225,7.855180e+01,5.799042e+01,0.065409
226,8.099550e+01,5.776669e+01,0.065605
227,8.476524e+01,5.531548e+01,0.102862
228,8.572588e+01,5.281192e+01,0.073693
229,8.649300e+01,4.999157e+01,0.069651
230,8.741488e+01,4.525413e+01,0.097112
231,8.756706e+01,4.199181e+01,0.082410
232,8.751793e+01,3.912740e+01,0.092936
233,8.738072e+01,3.606009e+01,0.083527
234,8.727511e+01,3.341572e+01,0.073970
235,8.727814e+01,3.157565e+01,0.088541
236,8.727699e+01,3.140862e+01,0.103421
237,8.723595e+01,3.423946e+01,0.077433
238,8.707728e+01,3.769590e+01,0.108919
239,8.647636e+01,4.160020e+01,0.159184
240,8.644525e+01,4.369815e+01,0.102217
241,8.696065e+01,4.574536e+01,0.100003
242,8.749200e+01,4.910885e+01,0.070597
243,8.836014e+01,5.109825e+01,0.079881
244,8.861429e+01,5.223736e+01,0.101870
245,8.828596e+01,5.216226e+01,0.071083
246,8.850948e+01,5.150155e+01,0.084139
247,8.685907e+01,5.352714e+01,0.128789
248,8.664342e+01,6.011142e+01,0.172281
249,8.612343e+01,6.665781e+01,0.073738
250,8.586298e+01,6.538651e+01,0.071971
251,8.563145e+01,6.553558e+01,0.086121
252,8.565884e+01,6.618762e+01,0.127021
253,8.614726e+01,6.687914e+01,0.218961
254,8.653072e+01,6.947111e+01,0.150921
255,8.637833e+01,7.079393e+01,0.152216
256,8.670227e+01,7.046742e+01,0.104057
257,8.664104e+01,7.012384e+01,0.109082
258,8.672466e+01,7.001633e+01,0.099498
259,8.678185e+01,6.990991e+01,0.080266
260,8.641760e+01,6.883862e+01,0.081053
261,8.627622e+01,6.857456e+01,0.090090
262,8.658582e+01,6.822267e+01,0.101338
263,8.707437e+01,6.816434e+01,0.081618
264,8.734267e+01,6.756809e+01,0.073125
265,8.793944e+01,6.446686e+01,0.103097
266,8.781046e+01,6.032816e+01,0.123450
267,8.709944e+01,5.845794e+01,0.073198
268,8.629362e+01,5.670879e+01,0.080313
269,8.529945e+01,5.131467e+01,0.131960
270,8.589073e+01,4.966215e+01,0.148879
271,8.623156e+01,4.941417e+01,0.151012
272,8.727334e+01,4.962545e+01,0.092231
273,8.795477e+01,5.101651e+01,0.097423
274,8.718636e+01,5.271957e+01,0.061997
275,8.685855e+01,5.389353e+01,0.062383
276,8.604445e+01,5.495892e+01,0.068281
277,8.620956e+01,5.678486e+01,0.075239
278,8.696355e+01,5.881756e+01,0.091546
279,8.759069e+01,6.016381e+01,0.077011
280,8.800078e+01,6.008576e+01,0.054511
281,8.822034e+01,6.010075e+01,0.066661
282,8.822710e+01,6.036204e+01,0.058479
283,8.793617e+01,6.049579e+01,0.058758
284,8.767642e+01,6.050858e+01,0.058445
285,8.748062e+01,6.061198e+01,0.235744
286,8.738086e+01,6.098481e+01,0.061417
