iter,t2,sumr,sumg,sumb
1,NaN,NaN,NaN,NaN
2,2.762533,95.381621,84.028067,87.375283
3,1.058193,94.528746,83.069262,86.375736
4,0.477012,94.805794,83.411046,86.617021
5,0.232397,94.799909,83.462653,86.627886
6,0.315414,94.857854,83.440923,86.587144
7,0.214638,95.336804,84.004980,87.144409
8,0.202257,95.432322,84.115890,87.236306
9,0.122577,93.724792,82.545328,86.168825
10,0.130522,93.881129,82.657724,86.334413
11,0.116929,93.930157,82.778908,86.630435
12,0.143121,93.712766,82.692877,87.151711
13,0.134219,93.926276,82.812854,87.361531
14,0.152770,93.644140,82.742439,87.102079
15,0.119180,96.448196,85.490287,89.806198
16,0.126258,95.797585,84.515942,88.983575
17,0.141666,95.747343,84.488406,88.821256
18,0.116463,96.754857,85.735893,89.709991
19,0.118363,97.027290,86.129510,89.779833
20,0.114892,96.250231,85.038390,87.322387
21,0.133202,96.170675,84.908418,87.105920
22,0.115207,94.024575,82.534972,85.202741
23,0.118384,96.764107,85.507863,88.281221
24,0.118798,96.869103,85.711841,88.566142
25,0.116779,94.321834,82.987713,86.438091
26,0.122063,94.132798,83.015123,86.528828
27,0.121471,94.087429,83.002836,86.372401
28,0.145150,94.034972,82.838374,86.278828
29,0.134763,94.372803,82.705828,86.373728
30,0.123705,96.801720,85.208239,88.321865
31,0.117710,96.375736,84.891806,88.048438
32,0.117855,96.179463,84.627660,87.781221
33,0.130955,96.044866,84.413506,86.899630
34,0.118191,96.344952,84.568583,87.274332
35,0.120036,96.404708,84.684020,87.556813
36,0.126344,96.821186,85.311453,89.034857
37,0.111420,96.529140,85.066142,89.185014
38,0.109898,93.896392,82.596670,86.698427
39,0.116539,93.914894,82.643386,86.739130
40,0.125751,93.767345,82.376041,86.458372
41,0.127016,93.635985,82.286309,86.535153
42,0.124122,93.881129,82.481961,86.624422
43,0.131095,93.976873,82.517576,86.538390
44,0.122383,93.929232,82.558742,86.698890
45,0.120062,94.033765,82.668363,87.031915
46,0.132432,94.006475,82.690564,86.895005
47,0.132153,93.629972,82.620259,86.650786
48,0.116663,93.897317,82.599445,86.842738
49,0.133338,93.722017,82.533765,86.605458
50,0.118713,93.139685,81.764107,85.525439
51,0.120143,93.439408,81.888529,85.744681
52,0.123447,93.732655,82.436170,85.988899
53,0.128042,94.062442,82.688252,86.353839
54,0.127939,93.994450,82.508326,86.196577
55,0.113144,93.809436,82.494450,86.376503
56,0.115790,93.900555,82.477336,86.339963
57,0.117948,93.589269,82.158187,86.019426
58,0.127667,93.653099,82.316374,86.186864
59,0.136074,93.873728,82.734968,86.748844
60,0.117104,93.877428,82.904255,86.852914
61,0.121170,93.922757,82.977336,86.920444
62,0.120392,91.245863,79.856738,84.491253
63,0.123459,90.990544,79.783924,84.190071
64,0.123734,91.135225,79.910638,84.278960
65,0.122630,91.357920,79.995745,84.420331
66,0.119379,91.220804,79.986761,84.343735
67,0.135175,91.310638,80.025059,84.264775
68,0.115060,91.237352,79.941844,84.139480
69,0.124157,91.729630,80.401852,84.518056
70,0.122873,91.692593,80.410648,84.701852
71,0.131168,91.089835,79.845390,84.147518
72,0.181648,91.127660,79.888889,84.205201
73,0.121472,91.086052,79.880378,84.028842
74,0.113883,91.683333,80.463426,84.499537
75,0.113232,91.105910,79.839716,84.247754
76,0.116530,93.432932,82.174838,86.211378
77,0.122243,93.427382,82.119334,86.252544
78,0.116861,93.420444,82.179001,86.256707
79,0.116261,93.366327,82.137835,86.314061
80,0.126614,93.487512,82.290009,86.305273
81,0.122283,93.364940,82.236355,86.271508
82,0.112376,93.365402,82.232655,86.259944
83,0.126470,93.216466,82.130435,86.366790
84,0.113928,93.255319,82.164200,86.216466
85,0.125501,93.240981,82.148936,86.212303
86,0.132953,93.240518,82.132285,86.512026
87,0.119965,93.302498,82.290472,86.518964
88,0.118231,93.391767,82.447271,86.574931
89,0.118400,93.402405,82.423219,86.588344
90,0.114643,93.570768,82.490287,86.533765
91,0.141661,93.772895,82.587882,86.724792
92,0.123791,93.867715,82.694265,86.771045
93,0.131555,94.095745,82.886216,87.017114
94,0.149283,94.322387,83.166512,87.043941
95,0.116083,94.316836,83.080481,86.863552
96,0.113088,94.159574,82.958834,86.709528
97,0.111418,93.756707,82.519426,86.546716
98,0.116146,93.950971,82.663275,87.020814
99,0.121425,93.852451,82.699352,86.871415
100,0.127170,93.676688,82.693802,86.798797
101,0.113244,93.576318,82.643848,86.797872
102,0.145986,93.620259,82.598982,86.876966
103,0.134421,93.655412,82.564755,86.750231
104,0.126976,93.651249,82.577706,86.822849
105,0.121772,93.496300,82.588807,86.698890
106,0.126276,93.594820,82.547641,86.637373
107,0.118213,93.487049,82.569380,86.586957
108,0.115874,93.512026,82.419519,86.691489
109,0.129956,90.681324,79.522459,84.173995
110,0.120846,90.667612,79.522931,84.122931
111,0.104880,90.772104,79.510165,84.215130
112,0.116467,90.584870,79.551773,84.177778
113,0.148776,90.639243,79.547045,84.230260
114,0.108133,90.495981,79.502600,84.004728
115,0.117496,90.293144,79.263830,83.919149
116,0.120684,90.316785,79.181560,83.904492
117,0.123414,90.223168,79.102600,83.492671
118,0.116148,89.996690,78.685579,82.236879
119,0.117486,89.963121,78.583924,81.916785
120,0.112209,89.813239,78.334752,81.375887
121,0.114705,89.721513,78.379669,81.802837
122,0.127569,89.854374,78.578251,82.593853
123,0.115847,89.976832,78.741844,83.064303
124,0.194313,90.523611,79.489815,83.994444
125,0.190810,93.043025,82.152174,86.442482
126,0.121100,92.903533,82.087409,86.335145
127,0.190420,92.897192,81.916667,86.002264
128,0.244530,92.778986,81.807971,85.690670
129,0.197044,92.745018,81.655344,85.178442
130,0.116870,92.681612,81.529438,84.836051
131,0.110167,92.687047,81.508605,84.633152
132,0.108240,92.658062,81.476449,84.623188
133,0.111840,92.646286,81.427083,84.681159
134,0.127284,92.570652,81.463768,84.629076
135,0.119419,92.607790,81.600091,84.982790
136,0.114370,92.614130,81.628170,85.125906
137,0.119740,92.590580,81.648098,85.272645
138,0.115327,92.714674,81.730525,85.496830
139,0.118986,92.817029,81.831975,85.939312
140,0.115715,92.862772,81.924366,86.116395
141,0.108105,92.914855,81.939764,86.026721
142,0.113986,92.905344,81.946558,85.999547
143,0.113086,90.002778,78.988426,83.373148
144,0.111399,89.683796,78.763426,83.260648
145,0.111930,89.664352,78.617593,83.149074
146,0.226883,88.843056,77.709722,82.384722
147,0.116235,88.760185,77.648148,82.340278
148,0.112015,88.654167,77.441204,81.990741
149,0.126183,88.209259,76.822222,80.877315
150,0.119480,88.238889,76.713426,80.772222
151,0.111808,87.712963,76.107870,79.675463
152,0.118079,87.705093,76.062037,79.575463
153,0.114129,87.591667,76.033333,79.635648
154,0.116605,87.825463,76.431481,80.936574
155,0.113246,87.935648,76.514352,81.066667
156,0.112458,87.965278,76.554167,81.093981
157,0.111840,88.081019,76.585648,81.038426
158,0.122626,87.420804,75.993853,80.652009
159,0.123514,87.356974,75.914894,80.313948
160,0.123792,87.426478,75.826005,79.870922
161,0.108991,87.976389,76.294444,80.063426
162,0.113262,87.934259,76.291204,79.948148
163,0.109658,87.294563,75.638771,79.374941
164,0.118557,87.454374,75.705910,79.533333
165,0.115729,87.443026,75.627423,79.704965
166,0.121713,87.437352,75.774941,79.544681
167,0.178068,87.530969,75.821749,79.786288
168,0.199775,91.956984,79.908418,83.382979
169,0.164313,92.250231,80.169288,83.524514
170,0.153022,92.487049,80.498150,83.706753
171,0.122380,92.185939,80.269195,83.530990
172,0.117233,91.952821,80.169750,83.470860
173,0.111779,91.938020,80.139685,83.355227
174,0.115971,91.970860,80.122109,83.385291
175,0.121031,91.730342,80.011563,83.586957
176,0.108715,91.666512,80.044403,83.603145
177,0.110970,91.687327,80.055504,83.623959
178,0.117828,91.442646,79.841351,83.383904
179,0.114862,91.320537,79.770120,83.280759
180,0.112812,91.174838,79.403330,82.614246
181,0.121358,91.125347,79.348751,82.575393
182,0.108114,91.043941,79.222942,82.357539
183,0.110978,90.768733,79.025902,82.180389
184,0.110938,90.762257,79.014801,82.168363
185,0.142139,90.672063,79.036078,82.255782
186,0.161493,90.604533,78.963460,82.158187
187,0.129850,90.542553,78.926920,82.091582
188,0.112863,90.498150,78.857539,82.121184
189,0.108936,90.498612,78.837188,82.120722
190,0.124774,90.443571,78.943571,82.166975
191,0.111057,90.479648,78.942646,82.244681
192,0.113776,90.574468,79.028215,82.225254
193,0.115726,90.500925,79.053191,82.346438
194,0.123272,90.590657,79.074931,82.251156
195,0.117820,90.635985,79.107771,82.243756
196,0.111580,90.656799,79.076781,82.283996
197,0.108246,90.693802,79.065217,82.307586
198,0.118974,87.900709,76.460047,79.922459
199,0.110444,87.847281,76.450118,79.948463
200,0.110873,87.843499,76.365012,79.831206
201,0.118420,88.373611,76.789815,80.178704
202,0.146985,88.326852,76.757407,80.157407
203,0.230827,88.324537,76.783333,80.196296
204,0.137881,88.332870,76.822685,80.215741
205,0.120086,88.312963,76.804630,80.245833
206,0.121819,88.035185,76.546296,80.025463
207,0.126497,87.157447,75.582979,79.205674
208,0.127050,86.871868,75.196690,78.725768
209,0.109814,86.767849,75.165957,78.770213
210,0.117636,86.643499,75.178723,78.799527
211,0.112569,86.652955,74.965012,78.777305
212,0.109941,86.695035,75.042080,78.838298
213,0.133422,88.528605,76.505910,80.560284
214,0.119285,88.408038,76.592435,80.600000
215,0.121642,88.473759,76.695035,80.713002
216,0.117717,88.579196,76.678014,80.616548
217,0.127921,91.186864,79.417669,82.845513
218,0.119830,91.314986,79.561517,83.281221
219,0.126193,90.847364,79.430157,82.915356
220,0.122540,90.952359,79.568455,82.938483
221,0.161185,91.096207,79.678538,83.084181
222,0.149386,91.176688,79.851064,83.316836
223,0.125504,91.473636,79.999075,83.359852
224,0.113797,91.401480,79.976873,83.344588
225,0.108734,91.415819,79.871415,83.249769
226,0.118161,91.383441,79.876966,83.246068
227,0.104489,91.587419,79.792784,83.376966
228,0.121883,91.515726,79.833025,83.669288
229,0.110479,91.611933,80.179001,83.648474
230,0.114957,92.138587,80.730978,84.184783
231,0.117024,89.575000,78.113889,81.933333
232,0.119900,89.669907,78.158333,82.161111
233,0.112574,92.292572,80.817935,84.288496
234,0.117865,91.810361,80.420907,83.805273
235,0.138209,91.870028,80.459297,83.838575
236,0.110158,92.005088,80.548104,83.921832
237,0.111593,92.458333,81.068841,84.269475
238,0.129104,92.004625,80.534690,83.994912
239,0.112340,91.975023,80.595282,83.969935
240,0.124850,92.574275,81.168478,84.402174
241,0.118465,92.485960,81.182518,84.344656
242,0.123499,92.571558,81.265851,84.373641
243,0.111881,92.600091,81.274909,84.407609
244,0.122556,92.546196,81.187500,84.275362
245,0.116699,92.600543,81.227355,84.344656
246,0.115043,92.596467,81.255888,84.435236
247,0.119667,92.654891,81.243207,84.369565
248,0.125707,92.663496,81.408514,84.428895
249,0.108986,92.645380,81.430707,84.442482
250,0.119604,92.679348,81.471014,84.647645
251,0.159929,92.543478,81.345109,84.519928
252,0.223927,92.376812,81.178895,84.437500
253,0.194262,89.851852,78.710185,82.409259
254,0.237194,90.010185,78.883796,82.564815
255,0.281629,89.934259,78.830556,82.466204
256,0.249778,89.968056,78.842593,82.570370
257,0.257831,90.043056,78.839815,82.531481
258,0.226543,89.956481,78.746296,82.437037
259,0.223362,89.934259,78.718981,82.475463
260,0.143137,89.886574,78.641667,82.359259
261,0.123886,89.914352,78.628241,82.342593
262,0.120201,89.859722,78.669907,82.363426
263,0.112567,89.775000,78.707407,82.324537
264,0.121457,89.887500,78.727778,82.340278
265,0.112591,89.805556,78.573148,82.185648
266,0.119113,89.881019,78.589352,82.181019
267,0.119976,89.932870,78.609722,82.440278
268,0.119112,89.930556,78.596296,82.505556
269,0.116701,89.986574,78.701389,82.649537
270,0.116979,90.205093,78.812963,82.851389
271,0.120572,90.131481,78.863426,82.906481
272,0.117415,89.989815,78.789815,82.795370
273,0.116109,90.343519,79.008333,83.094907
274,0.135741,90.495370,79.120833,83.189352
275,0.113337,90.703704,79.325463,83.274074
276,0.122591,90.627778,79.360648,83.287963
277,0.120233,90.462500,79.250463,82.992593
278,0.118747,90.026852,78.572685,82.275463
279,0.116026,89.901389,78.435648,82.146296
280,0.115369,89.642593,78.197685,81.895370
281,0.124031,89.602315,78.175926,81.897685
282,0.118914,89.555556,78.142130,81.733796
283,0.112909,89.683796,78.187037,81.773611
284,0.118066,89.738426,78.374537,81.848148
285,0.108980,89.831944,78.494907,82.044907
286,0.126718,90.015278,78.725463,82.262037
287,0.108786,90.573148,79.086574,82.796296
288,0.118405,90.505093,79.013426,82.714815
289,0.113497,90.168981,78.724074,82.521296
290,0.111835,90.144444,78.686111,82.453241
291,0.113102,92.010870,80.750906,84.313859
292,0.193823,91.983243,80.700634,84.203351
293,0.122908,92.066123,80.760870,84.125906
294,0.155315,92.031703,80.675725,84.128170
295,0.122806,91.988225,80.673460,84.129982
296,0.148023,91.876359,80.581069,84.004982
297,0.128353,91.619112,80.382246,83.786232
298,0.126044,91.554801,80.359601,83.677083
299,0.117218,91.672554,80.362772,83.706975
300,0.123467,91.697917,80.343297,83.669837
301,0.119963,91.583333,80.326540,83.531703
302,0.122769,91.845109,80.549819,83.827899
303,0.112783,92.080163,80.715127,84.037591
304,0.110535,91.975543,80.725543,83.983243
305,0.114417,92.177989,80.745924,83.952899
306,0.116552,92.425272,80.937047,84.084239
307,0.141527,92.427536,80.909873,84.076993
308,0.125346,92.448370,80.990942,84.118207
309,0.116846,89.482407,78.199537,81.807870
310,0.124800,89.363889,78.072685,81.881019
311,0.126680,91.713768,80.486866,83.790308
312,0.117455,91.709692,80.504982,83.783967
313,0.116289,91.920743,80.602355,83.941576
314,0.111801,92.002264,80.585145,83.924366
315,0.109829,89.492593,78.174074,81.842593
316,0.128020,89.418519,78.195370,81.899074
317,0.119656,89.396296,78.210185,81.924537
318,0.115466,89.383333,78.187037,82.029630
319,0.152102,89.314815,78.136111,81.895833
320,0.128361,89.537500,78.206944,82.086574
321,0.117364,89.697222,78.352778,82.234722
322,0.130204,92.353261,81.029438,84.335598
323,0.112659,92.390399,80.990489,84.258605
324,0.120866,92.034873,80.815670,84.173007
325,0.129608,91.988678,80.764493,84.149457
326,0.119733,91.955163,80.586957,83.976449
327,0.135320,91.768116,80.468297,83.982790
328,0.113512,91.696105,80.363225,83.875000
329,0.120229,91.495471,80.246830,83.721014
330,0.152893,91.410779,80.206975,83.485960
331,0.172461,91.547554,80.084692,83.281703
332,0.110319,91.616848,80.079710,83.340580
333,0.118343,91.558424,80.085598,83.259964
334,0.181579,91.429801,80.094656,83.355978
335,0.195397,91.450634,80.146286,83.251359
336,0.197417,88.932870,77.615741,81.140741
337,0.218212,89.013889,77.722222,81.339815
338,0.217007,88.905556,77.704167,81.618056
339,0.137474,88.924537,77.661111,81.616204
340,0.129732,89.389815,77.972222,81.909722
341,0.211288,91.744565,80.207428,83.760870
342,2.670227,93.886322,82.812953,87.567029
343,0.194934,94.757246,83.985054,89.106884
344,0.188205,95.350996,84.823822,90.091938
345,0.133045,95.347826,84.921196,90.228714
346,0.135071,95.406703,85.350996,91.694293
347,0.107321,95.377717,85.386775,91.935236
348,0.118216,95.348279,85.432518,92.325634
349,0.116266,95.214674,85.181159,92.159420
350,0.140645,95.153080,85.180254,92.191123
351,0.138886,95.323370,85.414855,92.530797
352,0.120097,95.358243,85.289402,92.322011
353,0.136881,95.344656,85.219656,92.244565
354,0.115096,95.548460,85.490036,92.826087
355,0.128147,95.877717,85.851902,93.243207
356,0.133388,95.964221,85.952899,93.281703
357,0.111540,96.481431,86.484601,94.048007
358,0.135881,94.050463,84.131019,91.521759
359,0.124015,94.084259,84.139815,91.292593
360,0.115696,95.947464,85.769475,92.466938
361,0.143244,96.151268,85.684783,92.899457
362,0.116093,92.771429,82.638095,89.904762
363,0.123662,92.878458,83.076190,90.331973
364,0.118771,92.905215,83.047619,90.378231
365,0.133705,95.985217,86.193043,92.863043
366,0.120211,96.003913,86.126522,92.987391
367,0.116863,96.004348,86.028261,93.201739
368,0.111467,96.042174,86.067391,92.983913
369,0.115594,96.125652,86.164783,92.927391
370,0.117242,96.050870,86.161739,92.683913
371,0.110454,96.083478,86.206957,92.812174
372,0.124026,95.852174,86.054783,92.493478
373,0.117934,95.891304,86.032174,92.420000
374,0.123410,95.673043,85.771304,92.102174
375,0.113111,95.588261,85.549130,92.050000
376,0.115523,95.550000,85.592609,91.998696
377,0.118452,93.751389,83.557407,90.683333
378,0.111373,93.727315,83.613889,90.638889
379,0.112989,92.419501,82.400907,89.443537
380,0.115959,92.355556,82.488435,89.539683
381,0.118166,92.190930,82.297506,89.183220
382,0.117628,92.389569,82.309297,89.210431
383,0.116717,92.420862,82.359637,89.140136
384,0.113285,92.421769,82.410884,89.156916
385,0.207432,94.808341,84.892635,91.358917
386,0.121940,94.866016,84.976043,91.386424
387,0.131985,94.714286,84.877995,91.327418
388,0.134705,94.735581,84.887755,91.415262
389,0.116923,94.810115,84.910382,91.352706
390,0.116528,94.853150,84.980035,91.400621
391,0.115434,94.946761,85.099823,91.602928
392,0.116748,96.053478,86.001739,92.439130
393,0.114491,95.923043,86.028261,92.333913
394,0.106950,95.797826,85.880000,92.179130
395,0.122871,95.948696,85.812174,92.245652
396,0.119303,95.904783,85.854348,92.240000
397,0.120579,95.899130,85.855217,92.351739
398,0.133883,95.820435,85.918261,92.068696
399,0.114126,95.954783,86.024348,92.506522
400,0.108646,95.930435,85.971304,92.440870
401,0.115201,96.132609,86.164348,92.640000
402,0.127399,96.042174,85.989565,92.314348
403,0.113730,96.006522,85.893478,92.439565
404,0.118436,95.131766,85.079858,91.689441
405,0.114052,95.138421,85.137977,91.836735
406,0.113690,95.075421,85.188554,91.930790
407,0.123964,96.060435,86.140000,92.506087
408,0.122746,96.162174,86.080435,92.888261
409,0.111444,96.043913,86.084348,92.686087
410,0.114469,96.009130,86.118261,92.650870
411,0.115486,95.381544,85.327862,92.160160
412,0.121366,92.984127,82.947392,90.188662
413,0.115754,93.081179,82.995011,90.042630
414,0.116475,93.092063,83.163719,90.074830
415,0.114735,93.242630,83.340136,90.211338
416,0.121520,93.221769,83.172789,90.134240
417,0.114972,93.290703,83.234921,90.006803
418,0.125429,93.418141,83.304308,89.926984
419,0.116349,93.342404,83.292063,90.135147
420,0.108196,93.370975,83.304308,90.124717
421,0.179943,93.731066,83.828571,90.639909
422,0.128389,93.804082,83.800454,90.634014
423,0.117146,95.949867,86.001331,92.535049
424,0.111235,96.029281,86.034161,92.461846
425,0.115764,96.110914,85.968500,92.500887
426,0.109970,93.660771,83.670748,90.638095
427,0.117504,93.626304,83.619048,90.487528
428,0.109607,93.521088,83.575964,90.432200
429,0.116838,93.526984,83.582313,90.644444
430,0.176744,93.460317,83.260317,89.891610
431,0.109866,93.383220,83.092517,89.687528
432,0.113838,92.559184,82.348753,88.961905
433,0.125159,96.913591,86.451151,92.392531
434,0.113078,93.835404,83.451198,89.618012
435,0.121345,93.728483,83.432564,89.653505
436,0.112795,93.722272,83.417036,89.643744
437,0.107558,93.376664,83.001775,89.109583
438,0.110626,93.360692,82.979592,89.031056
439,0.118293,93.447205,82.867791,89.163709
440,0.119912,93.282165,82.851375,89.324312
441,0.119221,93.300355,82.816770,89.289264
442,0.113803,93.317657,82.854925,89.194765
443,0.119540,93.389530,82.916593,89.236025
444,0.116346,93.481366,82.993789,89.204969
445,0.117248,94.176131,83.630878,89.864241
446,0.121249,94.591393,83.888199,90.166371
447,0.108393,93.375057,82.539683,89.035828
448,0.112158,92.616327,81.926984,88.207710
449,0.122065,94.875776,84.193878,90.013310
450,0.116782,94.848713,84.209849,89.976043
451,0.113887,95.051908,84.252884,90.009760
452,0.114638,93.081633,82.216327,88.332880
453,0.126197,92.799093,82.037642,88.247166
454,0.142673,93.199093,82.396825,88.703401
455,0.116794,93.136054,82.375510,88.573696
456,0.108457,93.208163,82.402721,88.886168
457,0.116403,92.967347,82.413152,88.880272
458,0.116583,92.239456,81.773243,88.151474
459,0.112201,93.129778,82.441333,88.992444
460,0.108817,93.155556,82.496889,88.483556
461,0.109615,94.436557,83.811890,89.250222
462,0.106565,94.006655,83.068323,88.027507
463,0.117749,93.589175,82.703638,87.241792
464,0.115068,92.612245,81.665040,85.762201
465,0.118927,91.512866,80.500444,84.305679
466,0.111542,91.393523,80.239130,84.031943
467,0.126767,91.011091,79.823425,83.749778
468,0.129342,90.846051,79.714729,84.216060
469,0.106558,90.786602,79.803461,84.348713
470,0.116718,90.995563,80.263975,85.176131
471,0.120444,90.854037,80.131322,85.180124
472,0.132478,90.692990,80.078527,85.030612
473,0.113070,90.169033,79.346939,84.281721
474,0.114326,89.887311,79.118900,83.770630
475,0.109256,89.789264,78.966726,83.728483
476,0.118081,89.545253,78.755989,83.741792
477,0.130387,89.262644,78.606477,83.763975
478,0.111856,87.133333,76.655782,82.431746
479,0.110700,87.933787,77.580499,83.400454
480,0.120920,87.960091,77.538322,83.275283
481,0.105164,87.886168,77.390023,82.902041
482,0.118098,90.453416,79.611801,84.123780
483,0.112695,88.165079,77.095238,81.870295
484,0.116051,88.184580,77.145578,81.943764
485,0.108301,88.613605,77.834921,82.496145
486,0.108163,88.731066,77.891156,82.614966
487,0.120799,91.299911,80.465839,84.977817
488,0.106693,91.547915,80.618456,85.266193
489,0.113609,91.578527,80.654392,85.326531
490,0.126893,91.652618,80.818545,85.543478
491,0.174983,91.733807,80.869122,85.609139
492,0.120385,92.094499,81.101154,85.994232
493,0.132795,89.546032,78.489796,83.528798
494,0.109855,89.462585,78.483447,83.501134
495,0.128857,92.106477,80.928571,85.510648
496,0.117718,91.954303,80.757320,85.263088
497,0.137808,91.661491,80.832742,85.408163
498,0.146793,91.567436,80.832742,85.522626
499,0.140490,88.512925,77.720635,82.589569
500,0.222438,91.662822,80.688997,84.881100
501,0.208034,91.647294,80.752884,85.043922
502,0.229196,91.074978,80.183673,85.008429
503,0.209706,91.399290,80.480923,85.421473
504,0.227201,91.551908,80.596273,85.862910
505,0.281466,90.502948,80.239456,86.507937
506,0.217901,93.692547,83.787933,89.241792
507,0.229358,93.717835,83.583407,89.344277
508,0.211691,93.570098,83.511091,89.112689
509,0.213504,93.549246,83.488021,88.976930
510,0.241512,92.827862,82.499556,87.704525
511,0.247714,92.746673,82.390417,87.566992
512,0.252155,93.508429,83.172582,88.409494
513,0.248807,90.967800,80.623129,86.221315
514,0.220093,90.841723,80.501587,86.097506
515,0.248686,90.287982,79.707483,85.280726
516,0.247235,92.704969,82.407276,87.649068
517,0.225701,92.642413,82.358474,87.328305
518,0.228649,90.097052,79.690249,85.003628
519,0.249930,92.399734,81.999556,87.026176
520,0.222971,92.434339,82.026176,86.921917
521,0.215373,92.419255,82.102484,86.981810
522,0.221863,92.427684,82.125111,87.095830
523,0.202421,92.463177,82.070985,87.129104
524,0.218804,92.514197,82.089618,87.066548
525,0.114376,92.543478,82.110914,87.102928
526,0.127057,92.373558,81.956522,86.846051
527,0.123658,92.208518,81.740018,86.347826
528,0.121251,92.184117,81.620674,86.240461
529,0.133784,92.241349,81.598492,86.144632
530,0.126720,92.296806,81.638421,86.238243
531,0.119700,92.404614,81.917480,86.664153
532,0.122393,92.521739,82.135315,86.891748
533,0.113866,92.523514,82.175688,87.216948
534,0.121939,92.386424,82.061668,87.180568
535,0.124530,92.376220,81.952529,87.133097
536,0.120320,92.292813,81.812334,87.035936
537,0.123070,92.233807,81.878438,87.120674
538,0.113204,92.204525,81.911713,87.138421
539,0.109593,92.262644,81.948980,87.198758
540,0.130059,92.241349,82.078083,87.236469
541,0.116124,92.248447,81.999556,87.137977
542,0.117010,92.023070,81.344277,86.728926
543,0.116117,91.308784,80.654392,85.976486
544,0.110611,91.073647,80.470275,86.043922
545,0.109645,89.500444,79.248004,84.648625
546,0.123629,89.405945,79.131322,84.303461
547,0.128134,89.330524,79.044809,84.682343
548,0.123308,89.482254,79.049689,84.623780
549,0.118079,89.971606,79.452529,85.085626
550,0.120029,90.228039,79.645519,85.441437
551,0.113389,90.402839,79.793256,85.489796
552,0.124840,90.658385,80.224490,86.201420
553,0.107709,91.039485,80.576309,86.371783
554,0.120578,91.779059,81.347382,87.262644
555,0.117528,92.769299,82.121118,87.929015
556,0.134776,92.913931,82.170364,87.879326
557,0.162375,93.110914,82.355368,87.828749
558,0.105922,93.181012,82.278172,88.012422
559,0.116996,93.263088,82.594499,88.137090
560,0.124744,93.271074,82.569654,88.082076
561,0.118371,93.251996,82.417924,87.772405
562,0.119091,93.429902,82.434339,88.045253
563,0.106502,93.463620,82.450311,87.996007
564,0.117760,93.594499,82.533274,88.131322
565,0.136134,93.624667,82.649512,88.007986
566,0.119231,93.599823,82.638421,88.114463
567,0.116702,93.500444,82.689885,88.187666
568,0.116384,93.565217,82.724046,88.167702
569,0.117671,93.635315,82.786602,88.284383
570,0.123396,94.082520,83.220497,88.319432
571,0.122541,94.246673,83.370009,88.515972
572,0.116763,94.469388,83.511979,88.561668
573,0.117815,94.361579,83.555457,88.517303
574,0.111066,94.239574,83.322094,88.621118
575,0.114886,94.235581,83.354925,88.568767
576,0.113626,94.338953,83.447205,88.614907
577,0.114493,94.406832,83.481810,88.586957
578,0.116598,94.488021,83.555457,88.631766
579,0.114229,94.623780,83.686335,88.937001
580,0.120655,94.981810,83.925909,89.090506
581,0.123731,94.828749,83.830967,88.863354
582,0.119720,94.594499,83.564774,88.736469
583,0.113972,94.860692,83.799024,88.851819
584,0.115862,94.903283,83.785271,88.810559
585,0.117403,94.858030,83.772848,88.692547
586,0.143178,94.902396,83.864241,88.940106
587,0.142037,94.786158,83.712067,88.854037
588,0.125249,94.744011,83.722715,88.872227
589,0.136350,94.582964,83.651287,88.729370
590,0.147195,94.736025,83.504437,88.546140
591,0.165121,94.788820,83.558119,88.596717
592,0.251119,94.760870,83.584295,88.505768
593,0.127150,94.789264,83.783496,88.856699
594,0.134576,94.859805,83.780834,88.932121
595,0.136931,94.788820,83.651287,88.879769
596,0.115060,94.826531,83.657941,88.848270
597,0.118883,94.828305,83.657498,88.797693
598,0.123454,94.704525,83.659272,88.685448
599,0.122770,94.701420,83.704969,88.633984
600,0.113798,94.709406,83.674800,88.707631
601,0.116140,94.859361,83.740018,88.685892
602,0.125490,94.861136,83.731145,88.781278
603,0.111443,94.885537,83.776841,88.929459
604,0.125853,94.742680,83.786602,88.843390
605,0.122875,94.455191,83.564330,88.616681
606,0.120029,94.248891,83.263531,88.283940
607,0.116409,94.150843,83.199201,88.273292
608,0.110432,94.046140,83.100266,88.152618
609,0.142784,94.055901,83.131766,88.156610
610,0.119155,94.074534,83.200532,88.107365
611,0.138599,94.095386,83.216948,88.164596
612,0.130922,94.177906,83.265306,88.218279
613,0.129498,94.174357,83.187223,88.259982
614,0.118581,92.073016,80.997279,86.189116
615,0.115003,92.063039,80.985941,86.192290
616,0.117207,94.560337,83.603815,88.153949
617,0.114375,94.322094,83.312334,87.876664
618,0.113323,94.150399,83.094499,87.797693
619,0.113391,94.115794,83.028394,87.805679
620,0.107395,94.171695,82.997782,87.507098
621,0.119298,94.161491,83.083851,87.646406
622,0.109088,94.134871,83.129104,87.662378
623,0.122529,94.211624,83.216948,87.956965
624,0.140285,94.176131,83.195209,87.801686
625,0.179038,94.119787,83.178350,87.821650
626,0.113937,94.092724,83.138421,87.874445
627,0.173758,94.123780,83.098935,87.840728
628,0.163992,94.106034,83.114907,87.857587
629,0.114859,94.022183,83.190772,87.687666
630,0.113150,94.055013,83.090949,87.707631
631,0.164183,93.622005,82.763088,87.627329
632,0.146057,93.600266,82.800355,87.620231
633,0.115847,93.793256,82.876220,87.784383
634,0.112718,94.056788,83.135315,87.924579
635,0.157759,94.160160,83.263088,88.128217
636,0.115527,94.179237,83.255546,88.051020
637,0.116507,94.190772,83.281721,88.106477
638,0.111337,91.865760,80.945125,85.965986
639,0.119635,94.692990,83.795475,88.343833
640,0.131713,94.761757,83.834073,88.354481
641,0.107670,94.901952,84.048802,88.551908
642,0.110784,94.960071,84.171695,88.778616
643,0.111893,94.876220,84.188997,88.695209
644,0.115954,95.167702,84.315883,88.879769
645,0.111549,95.223602,84.385093,88.834073
646,0.116308,95.224933,84.382431,88.912600
647,0.121881,95.161934,84.440994,88.891748
648,0.122975,95.103372,84.455634,89.139752
649,0.110077,95.186335,84.488465,89.024401
650,0.118856,95.078083,84.467169,88.996007
651,0.118957,92.263946,81.609524,86.640816
652,0.116781,92.239002,81.585034,86.640816
653,0.110073,92.283900,81.590930,86.648073
654,0.118781,92.242177,81.593651,86.570522
655,0.117437,94.625998,84.079858,88.799911
656,0.113265,94.569654,84.168146,88.675244
657,0.113139,94.587400,84.170364,88.685448
658,0.108305,94.555457,84.000444,88.674800
659,0.128250,94.553239,83.961846,88.798137
660,0.111653,94.562999,83.959627,88.689441
661,0.112553,94.595386,83.943656,88.696983
662,0.108404,94.530612,83.975155,88.880213
663,0.123800,94.641970,84.030612,88.862910
664,0.116397,94.590062,84.129991,88.900621
665,0.117462,94.505768,83.951642,88.834516
666,0.120680,94.566105,83.889530,88.760426
667,0.112713,94.668146,83.910382,88.818988
668,0.123351,94.633097,83.683673,88.872671
669,0.116520,94.710736,83.782165,88.869122
670,0.119935,94.665484,83.925022,88.761757
671,0.122406,94.672138,83.922804,88.826531
672,0.106657,94.516415,83.792369,88.738243
673,0.114606,94.560337,83.687666,88.740461
674,0.119057,94.560337,83.699201,88.729814
675,0.113702,94.567879,83.692547,88.654392
676,0.123870,94.638421,83.725377,88.771074
677,0.112630,94.664596,83.854481,88.889530
678,0.114635,94.637533,83.854481,89.026619
679,0.120211,94.589618,83.805235,88.823869
680,0.122302,94.558119,83.739574,88.834516
681,0.106426,94.677462,83.701420,88.838066
682,0.161619,94.716504,83.708962,88.843833
683,0.149813,94.766637,83.756877,88.758208
684,0.134587,94.784827,83.891748,88.675244
685,0.115831,94.712511,83.729370,88.665927
686,0.117392,94.618012,83.611358,88.584295
687,0.121215,94.614907,83.583851,88.571429
688,0.117720,94.668589,83.558563,88.628217
689,0.109926,94.654836,83.551464,88.635759
690,0.113570,94.715617,83.719610,88.712067
691,0.113382,94.792369,83.775510,88.686779
692,0.117663,94.668146,83.653949,88.547915
693,0.122172,94.682343,83.642413,88.555901
694,0.115519,94.645075,83.628660,88.532387
695,0.114511,94.593611,83.612689,88.569654
696,0.112631,94.700976,83.700089,88.579414
697,0.128453,94.907276,83.942768,88.778616
698,0.114787,94.938776,83.932564,88.830524
699,0.120804,94.877551,83.799024,88.705413
700,0.130894,94.881100,83.777728,88.766637
701,0.117540,94.873114,83.811446,88.657054
702,0.121724,94.863354,83.789707,88.877995
703,0.123541,94.918811,83.898846,88.875333
704,0.128370,94.921029,83.884206,88.811003
705,0.156222,94.915262,83.987578,88.801686
706,0.142919,94.893523,83.964951,88.893523
707,0.126811,94.924579,83.976930,89.031943
708,0.129124,95.020408,84.005768,89.077196
709,0.182815,95.011091,84.009317,89.116681
710,0.190387,95.055013,84.270186,89.258208
711,0.123158,95.102041,84.179237,89.199645
712,0.142475,95.090506,84.159272,89.166371
713,0.127723,95.187666,84.133540,89.141526
714,0.132690,95.223602,84.161491,89.144188
715,0.121515,95.172582,84.163265,89.142413
716,0.140600,95.094055,84.248004,89.118012
717,0.144139,95.194321,84.179237,89.145075
718,0.122951,95.033274,84.029281,89.007098
719,0.110921,95.044809,84.017303,88.835404
720,0.118524,94.993789,83.961846,88.960071
721,0.106783,94.915705,83.897516,88.833629
722,0.121267,94.938776,83.957409,88.972937
723,0.118192,95.078971,84.027950,88.905501
724,0.113246,95.086513,84.032831,88.991127
725,0.118642,95.070098,84.060781,88.906832
726,0.127282,94.814108,83.814108,88.827862
727,0.114248,94.822094,83.825200,88.906389
728,0.121298,94.670807,83.566105,88.944987
729,0.117844,94.704082,83.641083,88.996007
730,0.114808,94.917480,83.856699,88.988465
731,0.128314,94.870896,83.869565,89.025732
732,0.118178,94.656167,83.697870,88.940994
733,0.124561,94.669476,83.694321,88.995563
734,0.112416,94.709406,83.718722,88.953416
735,0.110216,94.793256,83.717835,88.911713
736,0.114975,94.728483,83.792813,88.837622
737,0.136512,94.754215,83.786602,88.794587
738,0.135003,91.980045,81.078458,86.498866
739,0.121572,94.478261,83.616238,88.553682
740,0.132557,94.491127,83.623336,88.764862
741,0.128189,94.520408,83.585626,88.775067
742,0.117754,94.604703,83.635315,89.090062
743,0.118092,94.612689,83.788820,89.120674
744,0.117639,94.688554,83.707631,88.936114
745,0.131139,94.561668,83.574091,88.846051
746,0.118267,94.550133,83.509760,88.912600
747,0.115746,94.475599,83.534161,88.769743
748,0.155386,94.411269,83.529725,88.912600
749,0.124640,94.446761,83.644632,88.768855
750,0.115748,94.505768,83.646406,88.796806
751,0.112246,94.471606,83.683230,88.727152
752,0.120206,94.479592,83.656610,88.681455
753,0.114554,94.429902,83.565661,88.573203
754,0.117890,94.492902,83.549246,88.586069
755,0.109197,94.555013,83.592280,88.569210
756,0.111144,94.574534,83.704082,88.699645
757,0.112197,94.707187,83.829636,88.788820
758,0.119999,94.723602,83.954747,88.869122
759,0.126427,94.612245,83.862910,88.884650
760,0.127791,94.576309,83.785271,88.893079
761,0.134351,94.622449,83.774179,88.972937
762,0.110310,94.598492,83.778172,88.922360
763,0.116940,94.636202,83.799024,88.920142
764,0.121110,94.605590,83.875333,88.848270
765,0.105554,94.595830,83.940106,88.876664
766,0.112989,94.612245,83.871783,88.897516
767,0.115589,94.626442,83.849157,88.960071
768,0.114650,94.555457,83.856256,88.895741
769,0.115373,94.632209,83.835847,88.818101
770,0.114843,94.509760,83.877551,88.763531
771,0.114095,94.516859,83.874889,88.809672
772,0.149973,94.456078,83.890861,88.810115
773,0.112356,94.530169,83.996451,88.822538
774,0.125578,94.469831,83.906832,88.752440
775,0.117612,94.592724,83.938776,88.806566
776,0.124580,94.541704,83.903283,88.895297
777,0.109773,94.669476,83.939663,88.872227
778,0.112283,94.715173,83.957853,88.881544
779,0.110782,94.784383,84.073647,89.092280
780,0.108282,94.785271,84.118900,88.985359
781,0.110691,94.746229,84.136646,89.159716
782,0.111936,94.746673,84.153949,89.190772
783,0.127649,94.956522,84.239130,89.210293
784,0.124457,95.095386,84.267968,89.278616
785,0.109540,95.080302,84.250665,89.317657
786,0.132328,94.980923,84.187223,89.397072
787,0.173706,94.937445,84.227152,89.364241
788,0.112362,94.861579,83.934783,89.229814
789,0.119314,94.714729,83.827418,89.168146
790,0.108232,94.692103,83.783052,89.070098
791,0.122019,94.791038,83.804791,89.135759
792,0.114010,94.822094,83.907720,88.968944
793,0.109687,94.838953,83.939663,89.011979
794,0.121636,94.879769,83.896185,89.052351
795,0.132937,95.016415,83.953416,88.864241
796,0.105384,95.071872,83.908163,88.896185
797,0.122251,94.978705,83.838066,88.696983
798,0.109281,94.821207,83.645963,88.555457
799,0.116401,94.744011,83.668589,88.529281
800,0.114401,94.744454,83.829636,88.718722
801,0.106357,94.795475,83.856699,88.689441
802,0.118176,94.881100,83.814108,88.780390
803,0.109645,94.823869,83.747116,88.665040
804,0.106779,94.803461,83.675244,88.594499
805,0.129178,94.783496,83.675244,88.610914
806,0.110874,94.858917,83.794587,88.720941
807,0.108398,94.874445,83.877107,88.855368
808,0.123192,94.830967,83.900621,88.894410
809,0.112065,94.835404,83.872227,88.939663
810,0.111572,94.849157,83.884206,88.955191
811,0.109849,94.890861,83.899734,88.940550
812,0.112980,94.895297,83.952085,89.022626
813,0.113214,94.994676,84.072760,89.151287
814,0.122274,95.050577,84.132653,89.117569
815,0.110879,95.059450,84.244011,89.313221
816,0.118641,95.120231,84.360248,89.341171
817,0.115698,95.166371,84.366016,89.320763
818,0.117840,95.322981,84.420586,89.353150
819,0.109890,95.332298,84.407720,89.431677
820,0.115079,95.204969,84.408163,89.329193
821,0.118662,95.165040,84.407720,89.241349
822,0.104734,95.106921,84.341171,89.420586
823,0.113603,94.809672,84.090506,89.205413
824,0.116456,94.798137,84.050133,89.145519
825,0.112238,94.831854,83.939663,89.046584
826,0.111213,94.571429,83.571872,88.662378
827,0.111538,94.499556,83.463620,88.579414
828,0.112598,94.141526,83.387311,88.437888
829,0.113136,94.322094,83.531056,88.477374
830,0.118037,94.196096,83.428128,88.445874
831,0.118527,94.145519,83.310115,88.391748
832,0.106839,94.188554,83.271961,88.481366
833,0.112281,94.159716,83.198314,88.274179
834,0.110239,94.129104,83.197870,88.344720
835,0.114002,94.173026,83.195209,88.147294
836,0.114756,94.106921,83.311446,88.405501
837,0.117075,94.566992,83.590949,88.669920
838,0.113045,94.601154,83.603815,88.643744
839,0.115631,94.507542,83.476486,88.676575
840,0.112171,94.881100,83.769299,88.999556
841,0.112328,94.572760,83.480479,88.789264
842,0.227771,94.367347,83.364241,88.607365
843,0.208068,94.350488,83.420586,88.617569
844,0.187837,94.132653,83.034605,88.062999
845,0.113940,94.070541,82.949423,88.104259
846,0.112606,93.675688,82.618900,87.847382
847,0.108012,93.605146,82.556788,87.844277
848,0.109344,93.347826,82.360692,87.572760
849,0.107373,93.360692,82.332742,87.460071
850,0.133228,93.181012,82.154392,87.180568
851,0.131990,93.324756,82.216504,87.334960
852,0.118703,93.358917,82.154836,87.360248
853,0.114858,93.470275,82.285271,87.447649
854,0.118932,93.469388,82.427684,87.509317
855,0.105594,93.574978,82.447205,87.434783
856,0.121528,93.646850,82.550577,87.555013
857,0.108162,93.680124,82.495120,87.560337
858,0.110134,93.594055,82.524401,87.526176
859,0.110241,93.736469,82.593611,87.617569
860,0.109885,93.850488,82.758651,87.803017
861,0.112408,93.814108,82.743123,87.841615
862,0.114258,94.129547,83.098935,88.201863
863,0.115057,94.402396,83.348270,88.497338
864,0.175529,94.423691,83.313221,88.401952
865,0.176112,94.458296,83.339840,88.488021
866,0.124086,94.291925,83.163265,88.287489
867,0.124124,94.465839,83.334073,88.441437
868,0.133408,94.424135,83.299024,88.392192
869,0.126712,94.313221,83.252884,88.381100
870,0.117188,94.438776,83.357143,88.630435
871,0.117473,94.159272,83.122893,88.346495
872,0.133045,93.964951,82.858474,87.985803
873,0.108562,93.925022,82.881100,87.999556
874,0.121898,93.928128,82.998225,88.034605
875,0.112417,93.978261,82.988909,88.161047
876,0.115100,93.949867,82.919255,88.161491
877,0.113395,94.024845,82.910825,88.170807
878,0.113750,94.061668,82.896628,88.060337
879,0.120816,94.077640,83.007542,88.097604
880,0.114530,94.042147,83.009760,88.181012
881,0.121497,94.086069,83.042591,88.192547
882,0.116339,94.151730,83.116681,88.187223
883,0.122586,94.144632,83.135759,88.202307
884,0.117957,94.164596,83.083407,88.244454
885,0.105704,94.191216,83.125998,88.334516
886,0.118059,94.145075,83.141970,88.371783
887,0.120792,94.078083,83.134428,88.245785
888,0.109228,94.420142,83.508429,88.628660
889,0.111091,94.260426,83.403283,88.633984
890,0.112053,94.164153,83.339397,88.545253
891,0.123366,94.118900,83.253327,88.416149
892,0.117059,94.245785,83.306566,88.594942
893,0.110618,93.901508,83.062112,88.623336
894,0.115295,94.125998,83.302573,88.912600
895,0.107085,94.244011,83.301686,88.879769
896,0.116386,94.417036,83.550577,89.177462
897,0.120308,94.414374,83.492014,89.124667
898,0.120283,94.329636,83.433895,89.160160
899,0.127088,94.268855,83.408163,89.190328
900,0.111769,94.249778,83.356256,88.974268
901,0.110723,94.202751,83.333185,88.955191
902,0.113785,94.120674,83.327862,88.844277
903,0.109748,94.189441,83.379326,88.864685
904,0.108055,94.185448,83.393966,88.811446
905,0.111611,93.971606,83.212955,88.593611
906,0.111454,93.923248,83.185004,88.549246
907,0.131289,93.951198,83.029281,88.434339
908,0.110426,93.953416,83.033718,88.450311
909,0.108783,93.968057,83.135315,88.616681
910,0.114627,93.993789,83.237799,88.653505
911,0.128862,94.084738,83.314108,88.549246
912,0.121636,94.044366,83.242680,88.500444
913,0.123270,91.532880,80.704308,86.580045
914,0.108161,91.500680,80.589569,86.588662
915,0.116865,91.548753,80.611791,86.534240
916,0.107125,91.431746,80.619048,86.458503
917,0.122593,91.565533,80.652154,86.355556
918,0.120395,91.504308,80.707029,86.429478
919,0.109879,91.404535,80.665760,86.371882
920,0.117853,91.326531,80.515193,86.279365
921,0.122519,91.343311,80.346485,86.153288
922,0.113236,91.349660,80.351927,86.167800
923,0.132652,93.772848,82.874445,88.425466
924,0.111416,93.753771,82.867347,88.405945
925,0.117288,93.737356,82.912156,88.358474
926,0.109848,93.714286,82.860248,88.321207
927,0.117716,91.143764,80.280272,86.056689
928,0.112658,91.222222,80.292971,86.177324
929,0.119304,91.299320,80.345125,86.283447
930,0.111579,91.249433,80.341950,86.308390
931,0.115483,91.175510,80.287075,86.315646
932,0.112328,90.967800,80.289342,86.014512
933,0.122036,90.920635,80.183220,86.023583
934,0.137326,90.963719,80.166440,86.018141
935,0.119371,90.988209,80.199546,86.057143
936,0.111649,90.967347,80.211338,85.986848
937,0.118860,90.759184,80.128345,85.790023
938,0.117294,91.391111,80.830667,86.500000
939,0.119148,91.289778,80.818222,86.434222
940,0.115546,91.306667,80.783111,86.410222
941,0.108573,91.281778,80.816889,86.512444
942,0.112519,93.879130,83.380000,88.630000
943,0.119056,93.875652,83.388261,88.622609
944,0.193613,93.754215,83.314996,88.837622
945,0.135785,93.899734,83.445430,88.999113
946,0.122906,91.319274,81.023583,86.752381
947,0.127400,91.767556,81.502222,87.399556
948,0.115217,95.147737,84.866016,90.490683
949,0.113098,95.164153,84.846051,90.495120
950,0.114938,94.005652,83.913478,89.237391
951,0.114453,94.024348,83.953478,89.333478
952,0.129016,91.548444,81.511556,87.289333
953,0.127250,91.579111,81.494667,87.163556
954,0.136738,91.434667,81.263556,87.017778
955,0.178957,91.556444,81.220444,86.946667
956,0.195629,91.484444,81.258667,87.017333
957,0.119063,91.494667,81.319556,87.028444
958,0.121576,91.480889,81.291556,86.936000
959,0.121530,91.330667,81.168889,86.974222
960,0.117077,91.392444,81.190667,86.987111
961,0.108601,91.457333,81.196444,87.020444
962,0.126096,91.291111,81.009778,86.769778
963,0.120000,91.222667,80.950222,86.736000
964,0.115713,90.873333,80.712889,86.458667
965,0.111449,90.947556,80.722222,86.479556
966,0.111028,90.911111,80.736444,86.520444
967,0.123323,93.363913,83.019565,88.456522
968,0.116764,90.932889,80.580000,86.313778
969,0.116547,91.209778,80.867556,86.560000
970,0.113331,92.793651,82.253061,88.073016
971,0.111393,92.988662,82.609070,88.453061
972,0.116879,92.654630,82.306019,88.382407
973,0.117938,92.859722,82.418981,88.505556
974,0.109891,92.808796,82.395370,88.451852
975,0.114322,92.653704,82.337037,88.422685
976,0.115471,92.635648,82.293519,88.275000
977,0.109408,92.794907,82.362500,88.339352
978,0.125420,92.821759,82.392593,88.441204
979,0.120219,92.874074,82.454630,88.401389
980,0.118439,95.262681,84.889493,90.509511
981,0.116124,95.246377,84.923007,90.543478
982,0.111287,95.020833,84.675272,90.375000
983,0.146784,95.756877,85.332298,90.890861
984,0.154259,95.764419,85.303017,90.870009
985,0.123013,95.739574,85.299911,90.811890
986,0.114671,94.899457,84.548007,90.184330
987,0.116131,94.930254,84.643569,90.156250
988,0.119878,95.823425,85.416149,90.773736
989,0.126483,95.592280,85.216060,90.510648
990,0.115097,95.348270,84.925022,90.151730
991,0.116503,95.130435,84.696096,89.842502
992,0.125376,94.745342,84.335847,89.213398
993,0.214172,94.673469,84.217835,89.022626
994,0.206555,94.169033,83.427684,87.465839
995,0.203782,93.433877,82.696558,87.155344
996,0.219809,94.387311,83.920586,88.412600
997,0.123251,94.465395,83.983585,88.609139
998,0.122991,94.373114,83.935670,88.652618
999,0.224872,94.177462,83.831854,88.388199
1000,0.240338,93.877995,83.384206,87.511979
1001,0.238433,93.910382,83.543478,87.593611
1002,0.288432,93.944099,83.626442,87.832742
1003,0.220595,94.553682,84.401952,89.582076
1004,0.234556,95.040373,84.988909,90.157054
1005,0.280945,95.141970,84.983141,90.227152
1006,0.199022,93.825217,83.885652,89.002609
1007,0.299232,93.917826,83.965652,89.152174
1008,0.299140,93.930870,84.024783,89.202174
1009,0.205827,93.858696,83.810435,88.929565
1010,0.216840,93.830000,83.812609,89.011739
1011,0.203358,93.833043,83.826522,89.004783
1012,0.241245,94.846051,84.837178,90.149512
1013,0.229578,94.977817,84.744011,90.155723
1014,0.252141,95.016415,84.789264,90.022626
1015,0.206363,92.361905,82.107029,87.727438
1016,0.227739,92.036735,81.670295,87.326077
1017,0.211317,90.741333,80.454667,86.089778
1018,0.195361,90.827111,80.656889,86.188444
1019,0.227687,91.108889,80.896444,86.537778
1020,0.199052,91.047111,80.854667,86.410667
1021,0.209481,91.032000,80.860444,86.440000
1022,0.236028,91.162222,80.852889,86.506667
1023,0.277168,92.266667,81.936054,87.560091
1024,0.212762,92.151927,81.766893,87.550567
1025,0.209688,92.138776,81.672109,87.446259
1026,0.206821,92.073923,81.643991,87.465306
1027,0.197413,92.104308,81.715193,87.390023
1028,0.195731,92.152834,81.732880,87.507029
1029,0.222470,91.096000,80.818667,86.466222
1030,0.220558,91.106667,80.807111,86.531111
1031,0.233433,93.934348,83.713913,89.046087
1032,0.215468,93.946087,83.687391,89.042609
1033,0.225348,91.168444,80.892444,86.627556
1034,0.249102,91.101333,80.897778,86.571111
1035,0.230829,90.603111,80.460889,86.336444
1036,0.816757,91.007556,80.992889,86.786667
1037,0.294462,91.026667,81.128000,87.003556
1038,0.589514,93.989565,83.981739,89.458261
